sk       Eth Pid    Groups   Rmem     Wmem     Dump     Locks     Drops     Inode
c558c000 0   476    00000440 0        0        0 2        0        56      
c609cc00 0   0      00000000 0        0        0 2        0        1029    
c5698800 0   4294963199 00000001 180268   0        0 2        46       376     
c558e000 0   609    00000004 0        0        0 2        0        214     
c5953800 4   0      00000000 0        0        0 2        0        45      
c5950800 10  0      00000000 0        0        0 2        0        8       
c609d400 15  0      00000000 0        0        0 2        0        1031    
c609fc00 16  0      00000000 0        0        0 2        0        1040    
c5582400 25  65536  00000000 0        0        0 2        0        2253    
c609d800 25  0      00000000 0        0        0 2        0        1033    
c4310000 26  8651009 00000011 0        0        0 2        0        577     
c609dc00 26  0      00000000 0        0        0 2        0        1034    
c609e000 27  0      00000000 0        0        0 2        0        1035    
c416d400 27  8652545 00000011 0        0        0 2        0        563     
