  31       0 mtdblock0 0 0 0 0 0 0 0 0 0 0 0
  31       1 mtdblock1 0 0 0 0 0 0 0 0 0 0 0
  31       2 mtdblock2 0 0 0 0 0 0 0 0 0 0 0
  31       3 mtdblock3 0 0 0 0 0 0 0 0 0 0 0
  31       4 mtdblock4 0 0 0 0 0 0 0 0 0 0 0
  31       5 mtdblock5 0 0 0 0 0 0 0 0 0 0 0
  31       6 mtdblock6 0 0 0 0 0 0 0 0 0 0 0
  31       7 mtdblock7 0 0 0 0 0 0 0 0 0 0 0
  31       8 mtdblock8 0 0 0 0 0 0 0 0 0 0 0
  31       9 mtdblock9 0 0 0 0 0 0 0 0 0 0 0
  31      10 mtdblock10 0 0 0 0 0 0 0 0 0 0 0
   8       0 sda 3128 5019 8248 115290 12698 4381 112876 10389500 0 125460 10504780
   8       1 sda1 3117 5019 8136 115240 12698 4381 112876 10389500 0 125410 10504730
