Num       RefCount Protocol Flags    Type St Inode Path
c42d7400: 00000002 00000000 00000000 0002 01   512 /var/tmp/gponomci.omcidebug_asy
c42d7680: 00000002 00000000 00000000 0002 01   514 /var/tmp/gponomci.omcidebug_snd
c4266000: 00000002 00000000 00000000 0002 01   519 /var/tmp/gponomci.omci_asy
c4266280: 00000002 00000000 00000000 0002 01   521 /var/tmp/gponomci.omci_snd
c4266a00: 00000002 00000000 00000000 0002 01   526 /var/tmp/gponomci.sender_asy
c4266c80: 00000002 00000000 00000000 0002 01   528 /var/tmp/gponomci.sender_snd
c4267400: 00000002 00000000 00000000 0002 01   533 /var/tmp/gponomci.omcitoplat_asy
c4267680: 00000002 00000000 00000000 0002 01   535 /var/tmp/gponomci.omcitoplat_snd
c4298000: 00000002 00000000 00000000 0002 01   540 /var/tmp/gponomci.omciUpgrade_asy
c4298280: 00000002 00000000 00000000 0002 01   542 /var/tmp/gponomci.omciUpgrade_snd
c4298a00: 00000002 00000000 00000000 0002 01   547 /var/tmp/gponomci.alarm_asy
c4298c80: 00000002 00000000 00000000 0002 01   549 /var/tmp/gponomci.alarm_snd
c4299400: 00000002 00000000 00000000 0002 01   554 /var/tmp/gponomci.perform_asy
c4299680: 00000002 00000000 00000000 0002 01   556 /var/tmp/gponomci.perform_snd
c42d4000: 00000002 00000000 00000000 0002 01   561 /var/tmp/gponomci_oam
c42d4780: 00000002 00000000 00000000 0002 01   585 /var/tmp/multiapd.base_asy
c42d4a00: 00000002 00000000 00000000 0002 01   587 /var/tmp/multiapd.base_snd
c42d5180: 00000002 00000000 00000000 0002 01   592 /var/tmp/multiapd.topo_asy
c42d5400: 00000002 00000000 00000000 0002 01   594 /var/tmp/multiapd.topo_snd
c5954a00: 00000002 00000000 00000000 0002 01    84 /var/tmp/pc
c42d5b80: 00000002 00000000 00000000 0002 01   599 /var/tmp/multiapd.acd_asy
c4250000: 00000002 00000000 00000000 0002 01   601 /var/tmp/multiapd.acd_snd
c5955180: 00000002 00000000 00000000 0002 01    90 /var/tmp/cspd.dbd_task_asy
c5955400: 00000002 00000000 00000000 0002 01    92 /var/tmp/cspd.dbd_task_snd
c4250780: 00000002 00000000 00000000 0002 01   606 /var/tmp/multiapd.map_asy
c4250a00: 00000002 00000000 00000000 0002 01   608 /var/tmp/multiapd.map_snd
c5955b80: 00000002 00000000 00000000 0002 01    97 /var/tmp/cspd.cspd_asy
c5624000: 00000002 00000000 00000000 0002 01    99 /var/tmp/cspd.cspd_snd
c4251180: 00000002 00000000 00000000 0002 01   613 /var/tmp/multiapd_oam
c5624780: 00000002 00000000 00000000 0002 01   104 /var/tmp/cspd.dnsurl_asy
c5624a00: 00000002 00000000 00000000 0002 01   106 /var/tmp/cspd.dnsurl_snd
c5625180: 00000002 00000000 00000000 0002 01   111 /var/tmp/cspd.syslog_task_asy
c5625400: 00000002 00000000 00000000 0002 01   113 /var/tmp/cspd.syslog_task_snd
c5634780: 00000002 00000000 00000000 0002 01   373 /tmp/hotspot_so
c5625b80: 00000002 00000000 00000000 0002 01   118 /var/tmp/cspd.dhcp4c_task_asy
c4251900: 00000002 00000000 00000000 0002 01   632 /var/tmp/HTTPD_oam
c5626000: 00000002 00000000 00000000 0002 01   120 /var/tmp/cspd.dhcp4c_task_snd
c5626780: 00000002 00000000 00000000 0002 01   125 /var/tmp/cspd.IGMP_asy
c549f680: 00000002 00000000 00000000 0002 01  2431 /var/tmp/telnetd_oam
c5626a00: 00000002 00000000 00000000 0002 01   127 /var/tmp/cspd.IGMP_snd
c5627180: 00000002 00000000 00000000 0002 01   132 /var/tmp/cspd.MLD_asy
c5627400: 00000002 00000000 00000000 0002 01   134 /var/tmp/cspd.MLD_snd
c42ca000: 00000002 00000000 00000000 0002 01  2439 /var/tmp/svcabi.svc_task_asy
c42ca280: 00000002 00000000 00000000 0002 01  2441 /var/tmp/svcabi.svc_task_snd
c5627b80: 00000002 00000000 00000000 0002 01   139 /var/tmp/cspd.dhcp6s_task_asy
c5628000: 00000002 00000000 00000000 0002 01   141 /var/tmp/cspd.dhcp6s_task_snd
c42caa00: 00000002 00000000 00000000 0002 01  2449 /var/tmp/mqttd.farme_asy
c5628780: 00000002 00000000 00000000 0002 01   146 /var/tmp/cspd.log_task_asy
c42cac80: 00000002 00000000 00000000 0002 01  2451 /var/tmp/mqttd.farme_snd
c5628a00: 00000002 00000000 00000000 0002 01   148 /var/tmp/cspd.log_task_snd
c42cb400: 00000002 00000000 00000000 0002 01  2456 /var/tmp/mqttd_oam
c5629180: 00000002 00000000 00000000 0002 01   153 /var/tmp/cspd.dhcps_task_asy
c5629400: 00000002 00000000 00000000 0002 01   155 /var/tmp/cspd.dhcps_task_snd
c42cbb80: 00000002 00000000 00000000 0002 01  2464 /var/tmp/VoIP.BoardControl_asy
c5629b80: 00000002 00000000 00000000 0002 01   160 /var/tmp/cspd.adev_task_asy
c430c000: 00000002 00000000 00000000 0002 01  2466 /var/tmp/VoIP.BoardControl_snd
c562a000: 00000002 00000000 00000000 0002 01   162 /var/tmp/cspd.adev_task_snd
c430c780: 00000002 00000000 00000000 0002 01  2471 /var/tmp/VoIP.BCC_asy
c562a780: 00000002 00000000 00000000 0002 01   167 /var/tmp/cspd.cspconfig_asy
c430ca00: 00000002 00000000 00000000 0002 01  2473 /var/tmp/VoIP.BCC_snd
c562aa00: 00000002 00000000 00000000 0002 01   169 /var/tmp/cspd.cspconfig_snd
c430d180: 00000002 00000000 00000000 0002 01  2478 /var/tmp/VoIP.RCA_asy
c562b180: 00000002 00000000 00000000 0002 01   174 /var/tmp/cspd.srm_task_asy
c430d400: 00000002 00000000 00000000 0002 01  2480 /var/tmp/VoIP.RCA_snd
c562b400: 00000002 00000000 00000000 0002 01   176 /var/tmp/cspd.srm_task_snd
c430db80: 00000002 00000000 00000000 0002 01  2485 /var/tmp/VoIP.VoipDspRoot_asy
c562bb80: 00000002 00000000 00000000 0002 01   181 /var/tmp/cspd.comm_task_asy
c430e000: 00000002 00000000 00000000 0002 01  2487 /var/tmp/VoIP.VoipDspRoot_snd
c5632000: 00000002 00000000 00000000 0002 01   183 /var/tmp/cspd.comm_task_snd
c430e780: 00000002 00000000 00000000 0002 01  2492 /var/tmp/VoIP.SLCCONTROL_asy
c5632780: 00000002 00000000 00000000 0002 01   188 /var/tmp/cspd.wwan_asy
c430ea00: 00000002 00000000 00000000 0002 01  2494 /var/tmp/VoIP.SLCCONTROL_snd
c5632a00: 00000002 00000000 00000000 0002 01   190 /var/tmp/cspd.wwan_snd
c430f180: 00000002 00000000 00000000 0002 01  2499 /var/tmp/VoIP.SLCREPORT_asy
c5633180: 00000002 00000000 00000000 0002 01   195 /var/tmp/cspd.csp_wlan_config_asy
c549e000: 00000002 00000000 00000000 0002 01  2244 /var/tmp/logcat_ctrl
c430f400: 00000002 00000000 00000000 0002 01  2501 /var/tmp/VoIP.SLCREPORT_snd
c5633400: 00000002 00000000 00000000 0002 01   197 /var/tmp/cspd.csp_wlan_config_snd
c549e280: 00000002 00000000 00000000 0002 01  2246 /var/tmp/rpcAgent
c5634f00: 00000002 00000000 00000000 0002 01   457 /var/tmp/telnetd.telnetd_asy
c430fb80: 00000002 00000000 00000000 0002 01  2506 /var/tmp/VoIP.VoipSip_asy
c5633b80: 00000002 00000000 00000000 0002 01   202 /var/tmp/cspd.wlan_asy
c5635180: 00000002 00000000 00000000 0002 01   459 /var/tmp/telnetd.telnetd_snd
c549ea00: 00000002 00000000 00000000 0002 01  2251 /var/tmp/cspd_oam
c431a000: 00000002 00000000 00000000 0002 01  2508 /var/tmp/VoIP.VoipSip_snd
c5634000: 00000002 00000000 00000000 0002 01   204 /var/tmp/cspd.wlan_snd
c431a780: 00000002 00000000 00000000 0002 01  2513 /var/tmp/VoIP_oam
c431af00: 00000002 00000000 00000000 0002 01  2518 /var/tmp/HTTPD.webd_task_asy
c5635900: 00000002 00000000 00000000 0002 01   470 /var/tmp/svcabi_oam
c431b180: 00000002 00000000 00000000 0002 01  2520 /var/tmp/HTTPD.webd_task_snd
c5634280: 00000002 00000000 00000000 0002 01   220 /var/tmp/logf_mgt0X00000261
c431b900: 00000002 00000000 00000000 0002 01  2525 /var/tmp/HTTPD.tr069_task_asy
c5634500: 00000002 00000000 00000000 0002 01   222 /var/tmp/unix_logf_data
c431bb80: 00000002 00000000 00000000 0002 01  2527 /var/tmp/HTTPD.tr069_task_snd
c4280280: 00000002 00000000 00000000 0002 01   479 /var/tmp/upnp.upnptask_asy
c4280500: 00000002 00000000 00000000 0002 01   481 /var/tmp/upnp.upnptask_snd
c4280c80: 00000002 00000000 00000000 0002 01   486 /var/tmp/upnp.dmsmsgtask_asy
c4280f00: 00000002 00000000 00000000 0002 01   488 /var/tmp/upnp.dmsmsgtask_snd
c4281680: 00000002 00000000 00000000 0002 01   493 /var/tmp/upnp.dmsmgrtask_asy
c4281900: 00000002 00000000 00000000 0002 01   495 /var/tmp/upnp.dmsmgrtask_snd
c549ec80: 00000002 00000000 00000000 0002 01  2289 /var/tmp/syslog_mgt0X00000261
c549ef00: 00000002 00000000 00000000 0002 01  2291 /var/tmp/syslog_data
c42d6280: 00000002 00000000 00000000 0002 01   500 /var/tmp/upnp_oam
c42d6a00: 00000002 00000000 00000000 0002 01   505 /var/tmp/gponomci.sys_asy
c42d6c80: 00000002 00000000 00000000 0002 01   507 /var/tmp/gponomci.sys_snd
c562a500: 00000003 00000000 00000000 0001 03   165
c5632280: 00000003 00000000 00000000 0001 03   185
c4266780: 00000003 00000000 00000000 0001 03   524
c562af00: 00000003 00000000 00000000 0001 03   172
c5955900: 00000003 00000000 00000000 0001 03    95
c5632c80: 00000003 00000000 00000000 0001 03   192
c430f900: 00000003 00000000 00000000 0001 03  2504
c42d6780: 00000003 00000000 00000000 0001 03   503
c5633680: 00000003 00000000 00000000 0001 03   199
c430e500: 00000003 00000000 00000000 0001 03  2490
c42d7b80: 00000003 00000000 00000000 0001 03   517
c4267180: 00000003 00000000 00000000 0001 03   531
c42d7180: 00000003 00000000 00000000 0001 03   510
c4267b80: 00000003 00000000 00000000 0001 03   538
c430ef00: 00000003 00000000 00000000 0001 03  2497
c562b900: 00000003 00000000 00000000 0001 03   179
c5954f00: 00000003 00000000 00000000 0001 03    88
c5628500: 00000003 00000000 00000000 0001 03   144
c42d4c80: 00000003 00000000 00000000 0001 03   589
c5628f00: 00000003 00000000 00000000 0001 03   151
c42d4280: 00000003 00000000 00000000 0001 03   582
c430d900: 00000003 00000000 00000000 0001 03  2483
c430c500: 00000003 00000000 00000000 0001 03  2469
c430cf00: 00000003 00000000 00000000 0001 03  2476
c5629900: 00000003 00000000 00000000 0001 03   158
c42d5680: 00000003 00000000 00000000 0001 03   596
c431b400: 00000003 00000000 00000000 0001 03  2522
c5626280: 00000003 00000000 00000000 0001 03   122
c42caf00: 00000003 00000000 00000000 0001 03  2453
c5626c80: 00000003 00000000 00000000 0001 03   129
c42ca500: 00000003 00000000 00000000 0001 03  2446
c431a500: 00000003 00000000 00000000 0001 03  2511
c42cb900: 00000003 00000000 00000000 0001 03  2462
c5627680: 00000003 00000000 00000000 0001 03   136
c431aa00: 00000003 00000000 00000000 0001 03  2515
c4298f00: 00000003 00000000 00000000 0001 03   551
c4250280: 00000003 00000000 00000000 0001 03   603
c5624280: 00000003 00000000 00000000 0001 03   101
c4298500: 00000003 00000000 00000000 0001 03   544
c549e500: 00000003 00000000 00000000 0001 03  2248
c5634c80: 00000003 00000000 00000000 0001 03   455
c4280780: 00000003 00000000 00000000 0001 03   483
c5624c80: 00000003 00000000 00000000 0001 03   108
c4250c80: 00000003 00000000 00000000 0001 03   610
c5635680: 00000003 00000000 00000000 0001 03   468
c5625680: 00000003 00000000 00000000 0001 03   115
c4299900: 00000003 00000000 00000000 0001 03   558
c549f900: 00000003 00000000 00000000 0001 03  2436
c4251680: 00000003 00000000 00000000 0001 03   630
c4281b80: 00000003 00000000 00000000 0001 03   497
c549f400: 00000003 00000000 00000000 0001 03  2429
c4281180: 00000003 00000000 00000000 0001 03   490
c5635b80: 00000003 00000000 00000000 0001 03   476
c430f680: 00000003 00000000 00000000 0001 03  2503
c5632500: 00000003 00000000 00000000 0001 03   186
c562a280: 00000003 00000000 00000000 0001 03   164
c42d6f00: 00000003 00000000 00000000 0001 03   509
c5955680: 00000003 00000000 00000000 0001 03    94
c4266500: 00000003 00000000 00000000 0001 03   523
c42d6000: 00000003 00000000 00000000 0001 03   498
c5632f00: 00000003 00000000 00000000 0001 03   193
c562ac80: 00000003 00000000 00000000 0001 03   171
c42d6500: 00000003 00000000 00000000 0001 03   502
c4266f00: 00000003 00000000 00000000 0001 03   530
c42d7900: 00000003 00000000 00000000 0001 03   516
c562b680: 00000003 00000000 00000000 0001 03   178
c430e280: 00000003 00000000 00000000 0001 03  2489
c430ec80: 00000003 00000000 00000000 0001 03  2496
c4267900: 00000003 00000000 00000000 0001 03   537
c5954c80: 00000003 00000000 00000000 0001 03    87
c5633900: 00000003 00000000 00000000 0001 03   200
c430d680: 00000003 00000000 00000000 0001 03  2482
c5628280: 00000003 00000000 00000000 0001 03   143
c42d4f00: 00000003 00000000 00000000 0001 03   590
c5628c80: 00000003 00000000 00000000 0001 03   150
c42d4500: 00000003 00000000 00000000 0001 03   583
c42d5900: 00000003 00000000 00000000 0001 03   597
c5629680: 00000003 00000000 00000000 0001 03   157
c430c280: 00000003 00000000 00000000 0001 03  2468
c430cc80: 00000003 00000000 00000000 0001 03  2475
c5626500: 00000003 00000000 00000000 0001 03   123
c431b680: 00000003 00000000 00000000 0001 03  2523
c5626f00: 00000003 00000000 00000000 0001 03   130
c42ca780: 00000003 00000000 00000000 0001 03  2447
c431a280: 00000003 00000000 00000000 0001 03  2510
c431ac80: 00000003 00000000 00000000 0001 03  2516
c42cb180: 00000003 00000000 00000000 0001 03  2454
c42cb680: 00000003 00000000 00000000 0001 03  2461
c5627900: 00000003 00000000 00000000 0001 03   137
c5624500: 00000003 00000000 00000000 0001 03   102
c4250500: 00000003 00000000 00000000 0001 03   604
c4280a00: 00000003 00000000 00000000 0001 03   484
c5624f00: 00000003 00000000 00000000 0001 03   109
c4298780: 00000003 00000000 00000000 0001 03   545
c549e780: 00000003 00000000 00000000 0001 03  2249
c4280000: 00000003 00000000 00000000 0001 03   477
c5634a00: 00000003 00000000 00000000 0001 03   454
c4250f00: 00000003 00000000 00000000 0001 03   611
c5635400: 00000003 00000000 00000000 0001 03   467
c4251400: 00000003 00000000 00000000 0001 03   629
c4299b80: 00000003 00000000 00000000 0001 03   559
c549fb80: 00000003 00000000 00000000 0001 03  2437
c4281400: 00000003 00000000 00000000 0001 03   491
c4299180: 00000003 00000000 00000000 0001 03   552
c549f180: 00000003 00000000 00000000 0001 03  2428
c5625900: 00000003 00000000 00000000 0001 03   116
