00000000000000000000000000000000 00 00000000000000000000000000000000 00 00000000000000000000000000000000 ffffffff 00000001 00000001 00200200       lo
00000000000000000000000000000000 00 00000000000000000000000000000000 00 00000000000000000000000000000000 00000400 00000000 00000000 00000001      br0
00000000000000000000000000000000 00 00000000000000000000000000000000 00 00000000000000000000000000000000 ffffffff 00000001 00000001 00200200       lo
fe800000000000000000000000000000 40 00000000000000000000000000000000 00 00000000000000000000000000000000 00000400 00000000 00000000 00000001      br0
00000000000000000000000000000000 00 00000000000000000000000000000000 00 00000000000000000000000000000000 00000400 00000000 00000000 00000001      br0
00000000000000000000000000000000 00 00000000000000000000000000000000 00 00000000000000000000000000000000 ffffffff 00000001 00000001 00200200       lo
fe800000000000000000000000000001 80 00000000000000000000000000000000 00 00000000000000000000000000000000 00000100 00000000 00000000 00000001      br0
fe800000000000000000000000000000 40 00000000000000000000000000000000 00 00000000000000000000000000000000 00000400 00000000 00000000 00000001      br0
00000000000000000000000000000000 00 00000000000000000000000000000000 00 00000000000000000000000000000000 ffffffff 00000001 00000001 00200200       lo
00000000000000000000000000000001 80 00000000000000000000000000000000 00 00000000000000000000000000000000 00000000 00000001 00000000 80200001       lo
fe800000000000000000000000000001 80 00000000000000000000000000000000 00 00000000000000000000000000000000 00000000 00000001 00000000 80200001       lo
ff000000000000000000000000000000 08 00000000000000000000000000000000 00 00000000000000000000000000000000 00000100 00000000 00000001 00000001      pon
ff000000000000000000000000000000 08 00000000000000000000000000000000 00 00000000000000000000000000000000 00000100 00000000 00000000 00000001     omci
ff000000000000000000000000000000 08 00000000000000000000000000000000 00 00000000000000000000000000000000 00000100 00000000 00000000 00000001       sw
ff000000000000000000000000000000 08 00000000000000000000000000000000 00 00000000000000000000000000000000 00000100 00000000 00000000 00000001     idm0
ff000000000000000000000000000000 08 00000000000000000000000000000000 00 00000000000000000000000000000000 00000100 00000000 00000000 00000001     idm1
ff000000000000000000000000000000 08 00000000000000000000000000000000 00 00000000000000000000000000000000 00000100 00000000 00000000 00000001      br0
ff000000000000000000000000000000 08 00000000000000000000000000000000 00 00000000000000000000000000000000 00000100 00000000 00000000 00000001     eth0
ff000000000000000000000000000000 08 00000000000000000000000000000000 00 00000000000000000000000000000000 00000100 00000000 00000000 00000001     eth1
ff000000000000000000000000000000 08 00000000000000000000000000000000 00 00000000000000000000000000000000 00000100 00000000 00000000 00000001     eth2
ff000000000000000000000000000000 08 00000000000000000000000000000000 00 00000000000000000000000000000000 00000100 00000000 00000000 00000001     eth3
ff000000000000000000000000000000 08 00000000000000000000000000000000 00 00000000000000000000000000000000 00000100 00000000 00000000 00000001     pon0
ff000000000000000000000000000000 08 00000000000000000000000000000000 00 00000000000000000000000000000000 00000100 00000000 00000000 00000001    nbif0
ff000000000000000000000000000000 08 00000000000000000000000000000000 00 00000000000000000000000000000000 00000100 00000000 00000000 00000001    nbif1
ff000000000000000000000000000000 08 00000000000000000000000000000000 00 00000000000000000000000000000000 00000100 00000000 00000000 00000001    wlan0
ff000000000000000000000000000000 08 00000000000000000000000000000000 00 00000000000000000000000000000000 00000100 00000000 00000000 00000001    wlan4
ff000000000000000000000000000000 08 00000000000000000000000000000000 00 00000000000000000000000000000000 00000100 00000000 00000000 00000001    wlan7
00000000000000000000000000000000 00 00000000000000000000000000000000 00 00000000000000000000000000000000 ffffffff 00000001 00000001 00200200       lo
